11.000 0.000
11.040 0.030
11.077 0.063
11.113 0.098
11.149 0.133
11.183 0.170
11.216 0.207
11.249 0.244
11.282 0.283
11.313 0.321
11.345 0.360
11.375 0.400
11.405 0.440
11.435 0.480
11.464 0.521
11.492 0.562
11.520 0.603
11.548 0.645
11.575 0.687
11.602 0.729
11.629 0.772
11.655 0.814
11.680 0.857
11.705 0.900
11.730 0.944
11.754 0.988
11.779 1.031
11.802 1.075
11.825 1.120
11.848 1.164
11.871 1.209
11.893 1.254
11.915 1.298
11.937 1.344
11.958 1.389
11.979 1.434
11.999 1.480
12.019 1.526
12.039 1.572
12.059 1.618
12.078 1.664
12.097 1.710
12.116 1.756
12.134 1.803
12.152 1.850
12.170 1.896
12.187 1.943
12.204 1.990
12.221 2.037
12.238 2.084
12.254 2.132
12.270 2.179
12.286 2.227
12.301 2.274
12.316 2.322
12.331 2.370
12.345 2.417
12.360 2.465
12.374 2.513
12.387 2.561
12.401 2.609
12.414 2.658
12.427 2.706
12.440 2.754
12.452 2.803
12.464 2.851
12.476 2.900
12.488 2.948
12.499 2.997
12.510 3.046
12.521 3.095
12.532 3.144
12.542 3.192
12.553 3.241
12.562 3.290
12.572 3.339
12.582 3.389
12.591 3.438
12.600 3.487
12.608 3.536
12.626 3.635
12.642 3.733
12.658 3.832
12.674 3.931
12.689 4.030
12.704 4.128
12.719 4.227
12.733 4.326
12.746 4.425
12.759 4.525
12.772 4.624
12.784 4.723
12.796 4.822
12.808 4.922
12.819 5.021
12.829 5.121
12.839 5.220
12.849 5.320
12.859 5.419
12.868 5.519
12.876 5.618
12.885 5.718
12.892 5.818
12.900 5.917
12.907 6.017
12.914 6.117
12.920 6.217
12.926 6.316
12.932 6.416
12.937 6.516
12.942 6.616
12.947 6.716
12.951 6.816
12.955 6.916
12.959 7.016
12.962 7.116
12.965 7.216
12.967 7.316
12.969 7.416
12.971 7.516
12.973 7.616
12.974 7.716
12.975 7.816
12.976 7.916
12.976 8.016
12.976 8.116
