11.000 0.000
11.017 0.030
11.034 0.059
11.052 0.089
11.069 0.119
11.086 0.149
11.103 0.178
11.120 0.208
11.137 0.238
11.155 0.268
11.172 0.297
11.189 0.327
11.206 0.357
11.223 0.387
11.240 0.416
11.258 0.446
11.275 0.476
11.292 0.506
11.309 0.535
11.326 0.565
11.343 0.595
11.361 0.625
11.378 0.654
11.395 0.684
11.412 0.714
11.429 0.744
11.446 0.773
11.464 0.803
11.481 0.833
11.498 0.863
11.515 0.892
11.532 0.922
11.549 0.952
11.567 0.981
11.584 1.011
11.601 1.041
11.618 1.071
11.635 1.100
11.653 1.130
11.670 1.160
11.687 1.190
11.704 1.219
11.721 1.249
11.738 1.279
11.756 1.309
11.773 1.338
11.790 1.368
11.807 1.398
11.824 1.428
11.841 1.457
11.859 1.487
11.876 1.517
11.893 1.547
11.910 1.576
11.927 1.606
11.944 1.636
11.962 1.666
11.979 1.695
11.996 1.725
12.013 1.755
12.030 1.785
12.047 1.814
12.065 1.844
12.082 1.874
12.099 1.904
12.116 1.933
12.133 1.963
12.151 1.993
12.168 2.022
12.185 2.052
12.202 2.082
12.219 2.112
12.236 2.141
12.254 2.171
12.271 2.201
12.288 2.231
12.305 2.260
12.322 2.290
12.339 2.320
12.357 2.350
12.374 2.379
12.391 2.409
12.408 2.439
12.425 2.469
12.442 2.498
12.460 2.528
12.477 2.558
12.494 2.588
12.511 2.617
12.528 2.647
12.545 2.677
12.563 2.707
12.580 2.736
12.597 2.766
12.614 2.796
12.631 2.826
12.648 2.855
12.666 2.885
12.683 2.915
12.700 2.944
