11.000 0.000
11.145 0.252
11.291 0.504
11.436 0.756
11.582 1.008
11.727 1.260
11.873 1.512
12.018 1.764
12.164 2.015
12.309 2.267
12.455 2.519
12.600 2.771
12.745 3.023
12.891 3.275
13.036 3.527
13.182 3.779
13.327 4.031
13.473 4.283
13.618 4.535
13.764 4.787
13.909 5.039
14.055 5.291
14.200 5.543
14.345 5.794
14.491 6.046
14.636 6.298
14.782 6.550
14.927 6.802
15.073 7.054
15.218 7.306
15.364 7.558
15.509 7.810
15.655 8.062
15.800 8.314
15.945 8.566
16.091 8.818
16.236 9.070
16.382 9.322
16.527 9.574
16.673 9.825
16.818 10.077
16.964 10.329
17.109 10.581
17.255 10.833
17.400 11.085
17.545 11.337
17.691 11.589
17.836 11.841
17.982 12.093
18.127 12.345
18.273 12.597
18.418 12.849
18.564 13.101
18.709 13.353
18.855 13.604
19.000 13.856
19.145 14.108
19.291 14.360
19.436 14.612
19.582 14.864
19.727 15.116
19.873 15.368
20.018 15.620
20.164 15.872
20.309 16.124
20.455 16.376
20.600 16.628
20.745 16.880
20.891 17.132
21.036 17.383
21.182 17.635
21.327 17.887
21.473 18.139
21.618 18.391
21.764 18.643
21.909 18.895
22.055 19.147
22.200 19.399
22.345 19.651
22.491 19.903
22.636 20.155
22.782 20.407
22.927 20.659
23.073 20.911
23.218 21.163
23.364 21.414
23.509 21.666
23.655 21.918
23.800 22.170
23.945 22.422
24.091 22.674
24.236 22.926
24.382 23.178
24.527 23.430
24.673 23.682
24.818 23.934
24.964 24.186
25.109 24.438
25.255 24.690
25.400 24.942
