11.000 0.000
11.145 0.145
11.291 0.291
11.436 0.436
11.582 0.582
11.727 0.727
11.873 0.873
12.018 1.018
12.164 1.164
12.309 1.309
12.455 1.455
12.600 1.600
12.745 1.745
12.891 1.891
13.036 2.036
13.182 2.182
13.327 2.327
13.473 2.473
13.618 2.618
13.764 2.764
13.909 2.909
14.055 3.055
14.200 3.200
14.345 3.345
14.491 3.491
14.636 3.636
14.782 3.782
14.927 3.927
15.073 4.073
15.218 4.218
15.364 4.364
15.509 4.509
15.655 4.655
15.800 4.800
15.945 4.945
16.091 5.091
16.236 5.236
16.382 5.382
16.527 5.527
16.673 5.673
16.818 5.818
16.964 5.964
17.109 6.109
17.255 6.255
17.400 6.400
17.545 6.545
17.691 6.691
17.836 6.836
17.982 6.982
18.127 7.127
18.273 7.273
18.418 7.418
18.564 7.564
18.709 7.709
18.855 7.855
19.000 8.000
19.145 8.145
19.291 8.291
19.436 8.436
19.582 8.582
19.727 8.727
19.873 8.873
20.018 9.018
20.164 9.164
20.309 9.309
20.455 9.455
20.600 9.600
20.745 9.745
20.891 9.891
21.036 10.036
21.182 10.182
21.327 10.327
21.473 10.473
21.618 10.618
21.764 10.764
21.909 10.909
22.055 11.055
22.200 11.200
22.345 11.345
22.491 11.491
22.636 11.636
22.782 11.782
22.927 11.927
23.073 12.073
23.218 12.218
23.364 12.364
23.509 12.509
23.655 12.655
23.800 12.800
23.945 12.945
24.091 13.091
24.236 13.236
24.382 13.382
24.527 13.527
24.673 13.673
24.818 13.818
24.964 13.964
25.109 14.109
25.255 14.255
25.400 14.400
