11.000 0.000
11.081 0.141
11.163 0.282
11.244 0.423
11.325 0.563
11.407 0.704
11.488 0.845
11.569 0.986
11.651 1.127
11.732 1.268
11.813 1.408
11.894 1.549
11.976 1.690
12.057 1.831
12.138 1.972
12.220 2.113
12.301 2.253
12.382 2.394
12.464 2.535
12.545 2.676
12.626 2.817
12.708 2.958
12.789 3.098
12.870 3.239
12.952 3.380
13.033 3.521
13.114 3.662
13.195 3.803
13.277 3.943
13.358 4.084
13.439 4.225
13.521 4.366
13.602 4.507
13.683 4.648
13.765 4.789
13.846 4.929
13.927 5.070
14.009 5.211
14.090 5.352
14.171 5.493
14.253 5.634
14.334 5.774
14.415 5.915
14.496 6.056
14.578 6.197
14.659 6.338
14.740 6.479
14.822 6.619
14.903 6.760
14.984 6.901
15.066 7.042
15.147 7.183
15.228 7.324
15.310 7.464
15.391 7.605
15.472 7.746
15.554 7.887
15.635 8.028
15.716 8.169
15.797 8.309
15.879 8.450
15.960 8.591
16.041 8.732
16.123 8.873
16.204 9.014
16.285 9.155
16.367 9.295
16.448 9.436
16.529 9.577
16.611 9.718
16.692 9.859
16.773 10.000
16.855 10.140
16.936 10.281
17.017 10.422
17.098 10.563
17.180 10.704
17.261 10.845
17.342 10.985
17.424 11.126
17.505 11.267
17.586 11.408
17.668 11.549
17.749 11.690
17.830 11.830
17.912 11.971
17.993 12.112
18.074 12.253
18.156 12.394
18.237 12.535
18.318 12.675
18.399 12.816
18.481 12.957
18.562 13.098
18.643 13.239
18.725 13.380
18.806 13.520
18.887 13.661
18.969 13.802
19.050 13.943
