11.000 0.000
11.026 0.043
11.062 0.077
11.096 0.114
11.129 0.152
11.161 0.190
11.191 0.230
11.221 0.270
11.250 0.311
11.278 0.352
11.305 0.394
11.332 0.437
11.358 0.479
11.384 0.522
11.409 0.565
11.433 0.609
11.457 0.653
11.480 0.697
11.504 0.741
11.526 0.786
11.548 0.831
11.570 0.876
11.591 0.921
11.612 0.967
11.633 1.012
11.653 1.058
11.673 1.104
11.693 1.150
11.712 1.196
11.731 1.242
11.749 1.289
11.767 1.335
11.785 1.382
11.803 1.429
11.820 1.475
11.838 1.522
11.854 1.570
11.871 1.617
11.887 1.664
11.903 1.711
11.919 1.759
11.935 1.806
11.950 1.854
11.965 1.902
11.980 1.949
11.995 1.997
12.009 2.045
12.023 2.093
12.037 2.141
12.051 2.189
12.064 2.237
12.078 2.285
12.091 2.334
12.104 2.382
12.116 2.430
12.129 2.479
12.141 2.527
12.154 2.576
12.166 2.624
12.177 2.673
12.189 2.721
12.200 2.770
12.212 2.819
12.223 2.867
12.234 2.916
12.244 2.965
12.255 3.014
12.266 3.063
12.276 3.112
12.286 3.161
12.296 3.210
12.306 3.259
12.315 3.308
12.325 3.357
12.334 3.406
12.343 3.455
12.352 3.504
12.361 3.554
12.370 3.603
12.378 3.652
12.387 3.701
12.395 3.751
12.403 3.800
12.411 3.849
12.419 3.899
12.427 3.948
12.435 3.998
12.442 4.047
12.450 4.096
12.457 4.146
12.464 4.195
12.471 4.245
12.478 4.294
12.485 4.344
12.492 4.393
12.499 4.443
12.505 4.493
12.512 4.542
12.518 4.592
12.524 4.641
12.530 4.691
12.536 4.741
12.542 4.790
12.548 4.840
12.554 4.890
12.559 4.939
12.565 4.989
12.570 5.039
12.576 5.088
12.581 5.138
12.586 5.188
12.591 5.238
12.596 5.287
12.601 5.337
12.605 5.387
12.610 5.437
12.614 5.487
12.619 5.536
12.623 5.586
12.627 5.636
12.631 5.686
12.635 5.736
12.639 5.785
12.643 5.835
12.647 5.885
12.650 5.935
12.654 5.985
12.657 6.035
12.660 6.085
12.664 6.135
12.667 6.185
12.670 6.234
12.673 6.284
12.676 6.334
12.679 6.384
12.681 6.434
12.684 6.484
12.686 6.534
12.689 6.584
12.691 6.634
12.693 6.684
12.695 6.734
12.697 6.784
12.699 6.834
12.701 6.884
12.703 6.934
12.705 6.984
12.706 7.034
12.708 7.084
12.709 7.134
12.711 7.183
12.712 7.233
12.713 7.283
12.714 7.333
12.715 7.383
12.716 7.433
12.717 7.483
12.718 7.533
12.719 7.583
12.719 7.633
12.720 7.683
12.720 7.733
12.721 7.783
12.721 7.833
12.721 7.883
12.721 7.933
12.721 7.983
12.721 8.033
12.721 8.083
