11.000 0.000
11.033 0.037
11.070 0.071
11.106 0.106
11.141 0.142
11.174 0.179
11.207 0.217
11.239 0.255
11.271 0.294
11.302 0.333
11.332 0.373
11.362 0.413
11.392 0.453
11.421 0.494
11.449 0.535
11.478 0.576
11.505 0.618
11.533 0.659
11.560 0.702
11.586 0.744
11.613 0.786
11.639 0.829
11.664 0.872
11.690 0.915
11.715 0.958
11.739 1.002
11.764 1.045
11.789 1.089
11.813 1.133
11.837 1.176
11.861 1.220
11.885 1.264
11.908 1.308
11.932 1.353
11.955 1.397
11.978 1.441
12.001 1.486
12.024 1.530
12.046 1.575
12.069 1.620
12.091 1.664
12.113 1.709
12.135 1.754
12.157 1.799
12.178 1.844
12.200 1.889
12.221 1.934
12.243 1.980
12.264 2.025
12.285 2.070
12.306 2.116
12.326 2.161
12.347 2.207
12.367 2.253
12.388 2.298
12.408 2.344
12.428 2.390
12.448 2.436
12.468 2.482
12.487 2.528
12.507 2.574
12.526 2.620
12.545 2.666
12.565 2.712
12.584 2.758
12.603 2.804
12.621 2.851
12.640 2.897
12.659 2.944
12.677 2.990
12.695 3.037
12.714 3.083
12.732 3.130
12.750 3.176
12.767 3.223
12.785 3.270
12.803 3.317
12.820 3.364
12.838 3.410
12.855 3.457
12.872 3.504
12.889 3.551
12.906 3.598
12.923 3.645
12.940 3.692
12.957 3.740
12.973 3.787
12.990 3.834
13.006 3.881
13.022 3.929
13.038 3.976
13.054 4.023
13.070 4.071
13.086 4.118
13.102 4.166
13.117 4.213
13.133 4.261
13.148 4.308
13.164 4.356
13.179 4.403
13.194 4.451
13.209 4.499
13.224 4.546
13.239 4.594
13.254 4.642
13.268 4.690
13.283 4.738
13.297 4.785
13.312 4.833
13.326 4.881
13.340 4.929
13.354 4.977
13.368 5.025
13.382 5.073
13.396 5.121
13.410 5.169
13.423 5.217
13.437 5.266
13.450 5.314
13.464 5.362
13.477 5.410
13.490 5.458
13.503 5.507
13.516 5.555
13.529 5.603
13.542 5.651
13.555 5.700
13.568 5.748
13.580 5.797
13.593 5.845
13.605 5.893
13.617 5.942
13.630 5.990
13.642 6.039
13.654 6.087
13.666 6.136
13.678 6.184
13.690 6.233
13.702 6.282
13.713 6.330
13.725 6.379
13.736 6.427
13.748 6.476
13.759 6.525
13.771 6.574
13.782 6.622
13.793 6.671
13.804 6.720
13.815 6.769
13.826 6.817
13.837 6.866
13.847 6.915
13.858 6.964
13.869 7.013
13.879 7.062
13.890 7.110
13.900 7.159
13.910 7.208
13.920 7.257
13.931 7.306
13.941 7.355
13.951 7.404
13.961 7.453
13.970 7.502
13.980 7.551
13.990 7.600
13.999 7.649
14.009 7.698
14.018 7.748
14.028 7.797
14.037 7.846
14.046 7.895
14.056 7.944
14.065 7.993
14.074 8.042
14.083 8.092
14.092 8.141
14.101 8.190
14.109 8.239
14.118 8.288
14.127 8.338
14.135 8.387
14.144 8.436
14.152 8.486
14.161 8.535
14.169 8.584
14.177 8.633
14.185 8.683
14.193 8.732
14.201 8.781
14.209 8.831
14.217 8.880
14.225 8.930
14.233 8.979
14.240 9.028
14.248 9.078
14.256 9.127
14.263 9.177
14.271 9.226
14.278 9.276
14.285 9.325
14.292 9.374
14.300 9.424
14.307 9.473
14.314 9.523
14.321 9.572
14.328 9.622
14.335 9.672
14.341 9.721
14.348 9.771
14.355 9.820
14.361 9.870
14.368 9.919
14.374 9.969
14.381 10.018
14.387 10.068
14.393 10.118
14.400 10.167
14.406 10.217
14.412 10.267
14.418 10.316
14.424 10.366
14.430 10.415
14.436 10.465
14.442 10.515
14.447 10.564
14.453 10.614
14.459 10.664
14.464 10.713
14.470 10.763
14.475 10.813
14.481 10.863
14.486 10.912
14.491 10.962
14.497 11.012
14.502 11.061
14.507 11.111
14.512 11.161
14.517 11.211
14.522 11.260
14.527 11.310
14.532 11.360
14.536 11.410
14.541 11.459
14.546 11.509
14.550 11.559
14.555 11.609
14.559 11.659
14.564 11.708
14.568 11.758
14.573 11.808
14.577 11.858
14.581 11.908
14.585 11.958
14.589 12.007
14.593 12.057
14.597 12.107
14.601 12.157
14.605 12.207
14.609 12.257
14.613 12.306
14.617 12.356
14.620 12.406
14.624 12.456
14.628 12.506
14.631 12.556
14.634 12.606
14.638 12.656
14.641 12.705
14.645 12.755
14.648 12.805
14.651 12.855
14.654 12.905
14.657 12.955
14.660 13.005
14.663 13.055
14.666 13.105
14.669 13.155
14.672 13.204
14.675 13.254
14.678 13.304
14.680 13.354
14.683 13.404
14.686 13.454
14.688 13.504
14.691 13.554
14.693 13.604
14.695 13.654
14.698 13.704
14.700 13.754
14.702 13.804
14.705 13.854
14.707 13.904
14.709 13.954
14.711 14.004
14.713 14.054
14.715 14.103
14.717 14.153
14.719 14.203
14.720 14.253
14.722 14.303
14.724 14.353
14.726 14.403
14.727 14.453
14.729 14.503
14.730 14.553
14.732 14.603
14.733 14.653
14.735 14.703
14.736 14.753
14.737 14.803
14.738 14.853
14.740 14.903
14.741 14.953
14.742 15.003
14.743 15.053
14.744 15.103
14.745 15.153
14.746 15.203
14.747 15.253
14.748 15.303
14.748 15.353
14.749 15.403
14.750 15.453
14.750 15.503
14.751 15.553
14.752 15.603
14.752 15.653
14.753 15.703
14.753 15.753
14.753 15.803
14.754 15.853
14.754 15.903
14.754 15.953
14.754 16.003
14.755 16.053
14.755 16.103
14.755 16.153
14.755 16.203
14.755 16.253
