11.000 0.000
11.039 0.031
11.077 0.064
11.115 0.097
11.151 0.130
11.188 0.165
11.224 0.199
11.260 0.234
11.296 0.269
11.331 0.305
11.366 0.340
11.401 0.376
11.435 0.412
11.469 0.449
11.504 0.485
11.537 0.522
11.571 0.559
11.605 0.596
11.638 0.633
11.671 0.671
11.704 0.709
11.737 0.746
11.769 0.784
11.802 0.822
11.834 0.861
11.866 0.899
11.898 0.937
11.930 0.976
11.961 1.015
11.993 1.054
12.024 1.093
12.055 1.132
12.086 1.171
12.117 1.210
12.148 1.250
12.178 1.289
12.209 1.329
12.239 1.369
12.269 1.409
12.299 1.449
12.329 1.489
12.359 1.529
12.388 1.569
12.418 1.610
12.447 1.650
12.477 1.691
12.506 1.731
12.535 1.772
12.564 1.813
12.593 1.854
12.621 1.895
12.650 1.936
12.678 1.977
12.706 2.018
12.735 2.059
12.763 2.101
12.791 2.142
12.819 2.184
12.846 2.225
12.874 2.267
12.902 2.309
12.929 2.350
12.956 2.392
12.984 2.434
13.011 2.476
13.038 2.518
13.065 2.560
13.091 2.603
13.118 2.645
13.145 2.687
13.171 2.730
13.198 2.772
13.224 2.814
13.250 2.857
13.276 2.900
13.302 2.942
13.328 2.985
13.354 3.028
13.380 3.071
13.406 3.114
13.431 3.157
13.457 3.200
13.482 3.243
13.507 3.286
13.532 3.329
13.557 3.372
13.582 3.416
13.607 3.459
13.632 3.502
13.657 3.546
13.682 3.589
13.706 3.633
13.731 3.677
13.755 3.720
13.779 3.764
13.804 3.808
13.828 3.851
13.852 3.895
13.876 3.939
13.900 3.983
13.923 4.027
13.947 4.071
13.971 4.115
13.994 4.159
14.018 4.203
14.041 4.248
14.064 4.292
14.088 4.336
14.111 4.380
14.134 4.425
14.157 4.469
14.180 4.514
14.203 4.558
14.225 4.603
14.248 4.647
14.271 4.692
14.293 4.736
14.316 4.781
14.338 4.826
14.360 4.871
14.383 4.915
14.405 4.960
14.427 5.005
14.449 5.050
14.471 5.095
14.493 5.140
14.514 5.185
14.536 5.230
14.558 5.275
14.579 5.320
14.601 5.365
14.622 5.410
14.644 5.456
14.665 5.501
14.686 5.546
14.707 5.591
14.728 5.637
14.749 5.682
14.770 5.728
14.791 5.773
14.812 5.818
14.833 5.864
14.853 5.909
14.874 5.955
14.894 6.001
14.915 6.046
14.935 6.092
14.956 6.138
14.976 6.183
14.996 6.229
15.016 6.275
15.036 6.321
15.056 6.366
15.076 6.412
15.096 6.458
15.116 6.504
15.136 6.550
15.155 6.596
15.175 6.642
15.194 6.688
15.214 6.734
15.233 6.780
15.253 6.826
15.272 6.872
15.291 6.919
15.310 6.965
15.329 7.011
15.349 7.057
15.367 7.103
15.386 7.150
15.405 7.196
15.424 7.242
15.443 7.289
15.461 7.335
15.480 7.381
15.499 7.428
15.517 7.474
15.536 7.521
15.554 7.567
15.572 7.614
15.591 7.660
15.609 7.707
15.627 7.754
15.645 7.800
15.663 7.847
15.681 7.893
15.699 7.940
15.717 7.987
15.735 8.034
15.752 8.080
15.770 8.127
15.788 8.174
15.805 8.221
15.823 8.267
15.840 8.314
15.858 8.361
15.875 8.408
15.892 8.455
15.910 8.502
15.927 8.549
15.944 8.596
15.961 8.643
15.978 8.690
15.995 8.737
16.012 8.784
16.029 8.831
16.046 8.878
16.062 8.925
16.079 8.972
16.096 9.020
16.112 9.067
16.129 9.114
16.145 9.161
16.162 9.208
16.178 9.256
16.194 9.303
16.211 9.350
16.227 9.397
16.243 9.445
16.259 9.492
16.275 9.539
16.291 9.587
16.307 9.634
16.323 9.681
16.339 9.729
16.355 9.776
16.371 9.824
16.386 9.871
16.402 9.919
16.418 9.966
16.433 10.014
16.449 10.061
16.464 10.109
16.480 10.156
16.495 10.204
16.510 10.252
16.525 10.299
16.541 10.347
16.556 10.394
16.571 10.442
16.586 10.490
16.601 10.537
16.616 10.585
16.631 10.633
16.646 10.681
16.661 10.728
16.676 10.776
16.690 10.824
16.705 10.872
16.720 10.920
16.734 10.967
16.749 11.015
16.763 11.063
16.778 11.111
16.792 11.159
16.806 11.207
16.821 11.255
16.835 11.302
16.849 11.350
16.863 11.398
16.878 11.446
16.892 11.494
16.906 11.542
16.920 11.590
16.934 11.638
16.948 11.686
16.961 11.734
16.975 11.782
16.989 11.830
17.003 11.879
17.016 11.927
17.030 11.975
17.044 12.023
17.057 12.071
17.071 12.119
17.084 12.167
17.098 12.215
17.111 12.264
17.124 12.312
17.138 12.360
17.151 12.408
17.164 12.456
17.177 12.505
17.190 12.553
17.203 12.601
17.216 12.650
17.229 12.698
17.242 12.746
17.255 12.794
17.268 12.843
17.281 12.891
17.294 12.939
17.306 12.988
17.319 13.036
17.332 13.084
17.344 13.133
17.357 13.181
17.370 13.230
17.382 13.278
17.394 13.326
17.407 13.375
17.419 13.423
17.432 13.472
17.444 13.520
17.456 13.569
17.468 13.617
17.480 13.666
17.493 13.714
17.505 13.763
17.517 13.811
17.529 13.860
17.541 13.908
17.553 13.957
17.564 14.006
17.576 14.054
17.588 14.103
17.600 14.151
17.612 14.200
17.623 14.249
17.635 14.297
17.646 14.346
17.658 14.394
17.670 14.443
17.681 14.492
17.692 14.540
17.704 14.589
17.715 14.638
17.727 14.686
17.738 14.735
17.749 14.784
17.760 14.833
17.772 14.881
17.783 14.930
17.794 14.979
17.805 15.028
17.816 15.076
17.827 15.125
17.838 15.174
17.849 15.223
17.860 15.272
17.870 15.320
17.881 15.369
17.892 15.418
17.903 15.467
17.913 15.516
17.924 15.565
17.935 15.613
17.945 15.662
17.956 15.711
17.966 15.760
17.977 15.809
17.987 15.858
17.998 15.907
18.008 15.956
18.018 16.005
18.029 16.053
18.039 16.102
18.049 16.151
18.059 16.200
18.069 16.249
18.080 16.298
18.090 16.347
18.100 16.396
18.110 16.445
18.120 16.494
18.130 16.543
18.140 16.592
18.149 16.641
18.159 16.690
18.169 16.739
18.179 16.788
18.189 16.837
18.198 16.886
18.208 16.935
18.218 16.985
18.227 17.034
18.237 17.083
18.246 17.132
18.256 17.181
18.265 17.230
18.275 17.279
18.284 17.328
18.293 17.377
18.303 17.426
18.312 17.476
18.321 17.525
18.330 17.574
18.340 17.623
18.349 17.672
18.358 17.721
18.367 17.770
18.376 17.820
18.385 17.869
18.394 17.918
18.403 17.967
18.412 18.016
18.421 18.066
18.430 18.115
18.439 18.164
18.447 18.213
18.456 18.262
18.465 18.312
18.473 18.361
18.482 18.410
18.491 18.459
18.499 18.509
18.508 18.558
18.516 18.607
18.525 18.656
18.533 18.706
18.542 18.755
18.550 18.804
18.559 18.854
18.567 18.903
18.575 18.952
18.584 19.001
18.592 19.051
18.600 19.100
18.608 19.149
18.616 19.199
18.625 19.248
18.633 19.297
18.641 19.347
18.649 19.396
18.657 19.446
18.665 19.495
18.673 19.544
18.681 19.594
18.688 19.643
18.696 19.692
18.704 19.742
18.712 19.791
18.720 19.841
18.727 19.890
18.735 19.939
18.743 19.989
18.750 20.038
18.758 20.088
18.766 20.137
18.773 20.186
18.781 20.236
18.788 20.285
18.796 20.335
18.803 20.384
18.810 20.434
18.818 20.483
18.825 20.533
18.832 20.582
18.840 20.631
18.847 20.681
18.854 20.730
18.861 20.780
18.868 20.829
18.876 20.879
18.883 20.928
18.890 20.978
18.897 21.027
18.904 21.077
18.911 21.126
18.918 21.176
18.925 21.225
18.932 21.275
18.939 21.324
18.945 21.374
18.952 21.424
18.959 21.473
18.966 21.523
18.972 21.572
18.979 21.622
18.986 21.671
18.993 21.721
18.999 21.770
19.006 21.820
19.012 21.869
19.019 21.919
19.025 21.969
19.032 22.018
19.038 22.068
19.045 22.117
19.051 22.167
19.057 22.217
19.064 22.266
19.070 22.316
19.076 22.365
19.083 22.415
19.089 22.465
19.095 22.514
19.101 22.564
19.107 22.613
19.114 22.663
19.120 22.713
19.126 22.762
19.132 22.812
19.138 22.862
19.144 22.911
19.150 22.961
19.156 23.011
19.162 23.060
19.167 23.110
19.173 23.159
19.179 23.209
19.185 23.259
19.191 23.308
19.196 23.358
19.202 23.408
19.208 23.457
19.214 23.507
19.219 23.557
19.225 23.607
19.230 23.656
19.236 23.706
19.241 23.756
19.247 23.805
19.252 23.855
19.258 23.905
19.263 23.954
19.269 24.004
19.274 24.054
19.280 24.104
19.285 24.153
19.290 24.203
19.295 24.253
19.301 24.302
19.306 24.352
19.311 24.402
19.316 24.452
19.322 24.501
19.327 24.551
19.332 24.601
19.337 24.651
19.342 24.700
19.347 24.750
19.352 24.800
19.357 24.850
19.362 24.899
19.367 24.949
19.372 24.999
19.377 25.049
19.381 25.098
19.386 25.148
19.391 25.198
19.396 25.248
19.401 25.297
19.405 25.347
19.410 25.397
19.415 25.447
19.419 25.496
19.424 25.546
19.429 25.596
19.433 25.646
19.438 25.696
19.442 25.745
19.447 25.795
19.451 25.845
19.456 25.895
19.460 25.945
19.465 25.994
19.469 26.044
19.473 26.094
19.478 26.144
19.482 26.194
19.486 26.243
19.491 26.293
19.495 26.343
19.499 26.393
19.503 26.443
19.507 26.493
19.512 26.542
19.516 26.592
19.520 26.642
19.524 26.692
19.528 26.742
19.532 26.792
19.536 26.841
19.540 26.891
19.544 26.941
19.548 26.991
19.552 27.041
19.556 27.091
19.560 27.140
19.564 27.190
19.567 27.240
19.571 27.290
19.575 27.340
19.579 27.390
19.582 27.440
19.586 27.489
19.590 27.539
19.594 27.589
19.597 27.639
19.601 27.689
19.604 27.739
19.608 27.789
19.612 27.839
19.615 27.888
19.619 27.938
19.622 27.988
19.626 28.038
19.629 28.088
19.632 28.138
19.636 28.188
19.639 28.238
19.643 28.288
19.646 28.337
19.649 28.387
19.652 28.437
19.656 28.487
19.659 28.537
19.662 28.587
19.665 28.637
19.669 28.687
19.672 28.737
19.675 28.786
19.678 28.836
19.681 28.886
19.684 28.936
19.687 28.986
19.690 29.036
19.693 29.086
19.696 29.136
19.699 29.186
19.702 29.236
19.705 29.286
19.708 29.335
19.711 29.385
19.714 29.435
19.717 29.485
19.719 29.535
19.722 29.585
19.725 29.635
19.728 29.685
19.730 29.735
19.733 29.785
19.736 29.835
19.738 29.885
19.741 29.935
19.744 29.984
19.746 30.034
19.749 30.084
19.751 30.134
19.754 30.184
19.757 30.234
19.759 30.284
19.762 30.334
19.764 30.384
19.766 30.434
19.769 30.484
19.771 30.534
19.774 30.584
19.776 30.634
19.778 30.684
19.781 30.734
19.783 30.784
19.785 30.833
19.787 30.883
19.790 30.933
19.792 30.983
19.794 31.033
19.796 31.083
19.798 31.133
19.801 31.183
19.803 31.233
19.805 31.283
19.807 31.333
19.809 31.383
19.811 31.433
19.813 31.483
19.815 31.533
19.817 31.583
19.819 31.633
19.821 31.683
19.823 31.733
19.825 31.783
19.826 31.833
19.828 31.883
19.830 31.933
19.832 31.983
19.834 32.032
19.835 32.082
19.837 32.132
19.839 32.182
19.841 32.232
19.842 32.282
19.844 32.332
19.846 32.382
19.847 32.432
19.849 32.482
19.851 32.532
19.852 32.582
19.854 32.632
19.855 32.682
19.857 32.732
19.858 32.782
19.860 32.832
19.861 32.882
19.863 32.932
19.864 32.982
19.865 33.032
19.867 33.082
19.868 33.132
19.870 33.182
19.871 33.232
19.872 33.282
19.873 33.332
19.875 33.382
19.876 33.432
19.877 33.482
19.878 33.532
19.880 33.582
19.881 33.632
19.882 33.682
19.883 33.732
19.884 33.782
19.885 33.832
19.886 33.882
19.888 33.932
19.889 33.982
19.890 34.032
19.891 34.082
19.892 34.132
19.893 34.182
19.894 34.232
19.894 34.282
19.895 34.332
19.896 34.382
19.897 34.432
19.898 34.482
19.899 34.532
19.900 34.582
19.901 34.632
19.901 34.682
19.902 34.732
19.903 34.782
19.904 34.832
19.904 34.882
19.905 34.932
19.906 34.982
19.906 35.032
19.907 35.082
19.908 35.132
19.908 35.182
19.909 35.232
19.909 35.282
19.910 35.332
19.911 35.382
19.911 35.432
19.912 35.482
19.912 35.531
19.913 35.581
19.913 35.631
19.913 35.681
19.914 35.731
19.914 35.781
19.915 35.831
19.915 35.881
19.915 35.931
19.916 35.981
19.916 36.031
19.916 36.081
19.917 36.131
19.917 36.181
19.917 36.231
19.917 36.281
19.917 36.331
19.918 36.381
19.918 36.431
19.918 36.481
19.918 36.531
19.918 36.581
19.918 36.631
19.918 36.681
19.919 36.731
19.919 36.781
19.919 36.831
19.919 36.881
19.919 36.931
19.919 36.981
