11.000 0.000
11.038 0.033
11.075 0.066
11.112 0.100
11.147 0.135
11.182 0.171
11.217 0.207
11.251 0.244
11.285 0.280
11.319 0.317
11.352 0.354
11.385 0.392
11.418 0.430
11.451 0.467
11.483 0.505
11.515 0.544
11.547 0.582
11.579 0.621
11.611 0.659
11.642 0.698
11.674 0.737
11.705 0.777
11.735 0.816
11.766 0.855
11.797 0.895
11.827 0.935
11.857 0.975
11.887 1.015
11.917 1.055
11.947 1.095
11.976 1.135
12.005 1.176
12.035 1.216
12.064 1.257
12.093 1.298
12.121 1.339
12.150 1.380
12.178 1.421
12.207 1.462
12.235 1.503
12.263 1.545
12.291 1.586
12.319 1.628
12.346 1.669
12.374 1.711
12.401 1.753
12.429 1.795
12.456 1.837
12.483 1.879
12.510 1.921
12.536 1.963
12.563 2.006
12.590 2.048
12.616 2.091
12.642 2.133
12.668 2.176
12.694 2.218
12.720 2.261
12.746 2.304
12.772 2.347
12.797 2.390
12.823 2.433
12.848 2.476
12.874 2.519
12.899 2.562
12.924 2.606
12.949 2.649
12.973 2.692
12.998 2.736
13.023 2.779
13.047 2.823
13.072 2.867
13.096 2.910
13.120 2.954
13.144 2.998
13.168 3.042
13.192 3.086
13.216 3.130
13.240 3.174
13.263 3.218
13.287 3.262
13.310 3.306
13.334 3.350
13.357 3.394
13.380 3.439
13.403 3.483
13.426 3.528
13.449 3.572
13.471 3.617
13.494 3.661
13.517 3.706
13.539 3.751
13.561 3.795
13.584 3.840
13.606 3.885
13.628 3.930
13.650 3.975
13.672 4.019
13.694 4.064
13.716 4.109
13.737 4.155
13.759 4.200
13.780 4.245
13.802 4.290
13.823 4.335
13.844 4.380
13.865 4.426
13.887 4.471
13.908 4.516
13.928 4.562
13.949 4.607
13.970 4.653
13.991 4.698
14.011 4.744
14.032 4.790
14.052 4.835
14.072 4.881
14.093 4.927
14.113 4.972
14.133 5.018
14.153 5.064
14.173 5.110
14.193 5.156
14.213 5.202
14.232 5.248
14.252 5.293
14.272 5.340
14.291 5.386
14.310 5.432
14.330 5.478
14.349 5.524
14.368 5.570
14.387 5.616
14.406 5.662
14.425 5.709
14.444 5.755
14.463 5.801
14.482 5.848
14.500 5.894
14.519 5.941
14.538 5.987
14.556 6.033
14.574 6.080
14.593 6.126
14.611 6.173
14.629 6.220
14.647 6.266
14.665 6.313
14.683 6.360
14.701 6.406
14.719 6.453
14.737 6.500
14.754 6.546
14.772 6.593
14.790 6.640
14.807 6.687
14.824 6.734
14.842 6.781
14.859 6.828
14.876 6.875
14.893 6.921
14.911 6.968
14.928 7.015
14.944 7.063
14.961 7.110
14.978 7.157
14.995 7.204
15.012 7.251
15.028 7.298
15.045 7.345
15.061 7.392
15.078 7.440
15.094 7.487
15.110 7.534
15.127 7.581
15.143 7.629
15.159 7.676
15.175 7.723
15.191 7.771
15.207 7.818
15.223 7.866
15.239 7.913
15.254 7.960
15.270 8.008
15.286 8.055
15.301 8.103
15.317 8.151
15.332 8.198
15.348 8.246
15.363 8.293
15.378 8.341
15.394 8.388
15.409 8.436
15.424 8.484
15.439 8.531
15.454 8.579
15.469 8.627
15.484 8.675
15.498 8.722
15.513 8.770
15.528 8.818
15.542 8.866
15.557 8.914
15.572 8.961
15.586 9.009
15.600 9.057
15.615 9.105
15.629 9.153
15.643 9.201
15.657 9.249
15.672 9.297
15.686 9.345
15.700 9.393
15.714 9.441
15.728 9.489
15.741 9.537
15.755 9.585
15.769 9.633
15.783 9.681
15.796 9.729
15.810 9.777
15.823 9.825
15.837 9.874
15.850 9.922
15.864 9.970
15.877 10.018
15.890 10.066
15.903 10.115
15.917 10.163
15.930 10.211
15.943 10.259
15.956 10.308
15.969 10.356
15.982 10.404
15.994 10.453
16.007 10.501
16.020 10.549
16.033 10.598
16.045 10.646
16.058 10.694
16.070 10.743
16.083 10.791
16.095 10.840
16.108 10.888
16.120 10.937
16.132 10.985
16.144 11.033
16.157 11.082
16.169 11.130
16.181 11.179
16.193 11.228
16.205 11.276
16.217 11.325
16.229 11.373
16.241 11.422
16.252 11.470
16.264 11.519
16.276 11.568
16.287 11.616
16.299 11.665
16.311 11.713
16.322 11.762
16.334 11.811
16.345 11.859
16.356 11.908
16.368 11.957
16.379 12.006
16.390 12.054
16.401 12.103
16.412 12.152
16.424 12.201
16.435 12.249
16.446 12.298
16.457 12.347
16.467 12.396
16.478 12.444
16.489 12.493
16.500 12.542
16.511 12.591
16.521 12.640
16.532 12.689
16.542 12.738
16.553 12.786
16.563 12.835
16.574 12.884
16.584 12.933
16.595 12.982
16.605 13.031
16.615 13.080
16.625 13.129
16.636 13.178
16.646 13.227
16.656 13.276
16.666 13.325
16.676 13.374
16.686 13.423
16.696 13.472
16.706 13.521
16.716 13.570
16.725 13.619
16.735 13.668
16.745 13.717
16.754 13.766
16.764 13.815
16.774 13.864
16.783 13.913
16.793 13.962
16.802 14.011
16.811 14.060
16.821 14.110
16.830 14.159
16.839 14.208
16.849 14.257
16.858 14.306
16.867 14.355
16.876 14.404
16.885 14.454
16.894 14.503
16.903 14.552
16.912 14.601
16.921 14.650
16.930 14.700
16.939 14.749
16.948 14.798
16.956 14.847
16.965 14.896
16.974 14.946
16.982 14.995
16.991 15.044
16.999 15.093
17.008 15.143
17.016 15.192
17.025 15.241
17.033 15.291
17.042 15.340
17.050 15.389
17.058 15.439
17.066 15.488
17.075 15.537
17.083 15.586
17.091 15.636
17.099 15.685
17.107 15.735
17.115 15.784
17.123 15.833
17.131 15.883
17.139 15.932
17.147 15.981
17.154 16.031
17.162 16.080
17.170 16.130
17.178 16.179
17.185 16.228
17.193 16.278
17.200 16.327
17.208 16.377
17.215 16.426
17.223 16.475
17.230 16.525
17.238 16.574
17.245 16.624
17.252 16.673
17.260 16.723
17.267 16.772
17.274 16.822
17.281 16.871
17.288 16.921
17.296 16.970
17.303 17.020
17.310 17.069
17.317 17.119
17.324 17.168
17.331 17.218
17.337 17.267
17.344 17.317
17.351 17.366
17.358 17.416
17.365 17.465
17.371 17.515
17.378 17.565
17.385 17.614
17.391 17.664
17.398 17.713
17.404 17.763
17.411 17.812
17.417 17.862
17.424 17.912
17.430 17.961
17.436 18.011
17.443 18.060
17.449 18.110
17.455 18.160
17.461 18.209
17.468 18.259
17.474 18.308
17.480 18.358
17.486 18.408
17.492 18.457
17.498 18.507
17.504 18.557
17.510 18.606
17.516 18.656
17.522 18.705
17.528 18.755
17.533 18.805
17.539 18.854
17.545 18.904
17.551 18.954
17.556 19.003
17.562 19.053
17.567 19.103
17.573 19.153
17.579 19.202
17.584 19.252
17.590 19.302
17.595 19.351
17.600 19.401
17.606 19.451
17.611 19.500
17.616 19.550
17.622 19.600
17.627 19.650
17.632 19.699
17.637 19.749
17.642 19.799
17.648 19.849
17.653 19.898
17.658 19.948
17.663 19.998
17.668 20.048
17.673 20.097
17.678 20.147
17.683 20.197
17.687 20.247
17.692 20.296
17.697 20.346
17.702 20.396
17.707 20.446
17.711 20.495
17.716 20.545
17.721 20.595
17.725 20.645
17.730 20.695
17.734 20.744
17.739 20.794
17.743 20.844
17.748 20.894
17.752 20.944
17.757 20.993
17.761 21.043
17.765 21.093
17.770 21.143
17.774 21.193
17.778 21.242
17.782 21.292
17.786 21.342
17.791 21.392
17.795 21.442
17.799 21.492
17.803 21.541
17.807 21.591
17.811 21.641
17.815 21.691
17.819 21.741
17.823 21.791
17.827 21.840
17.831 21.890
17.834 21.940
17.838 21.990
17.842 22.040
17.846 22.090
17.849 22.140
17.853 22.189
17.857 22.239
17.860 22.289
17.864 22.339
17.867 22.389
17.871 22.439
17.875 22.489
17.878 22.539
17.881 22.588
17.885 22.638
17.888 22.688
17.892 22.738
17.895 22.788
17.898 22.838
17.902 22.888
17.905 22.938
17.908 22.988
17.911 23.037
17.914 23.087
17.917 23.137
17.921 23.187
17.924 23.237
17.927 23.287
17.930 23.337
17.933 23.387
17.936 23.437
17.939 23.487
17.942 23.537
17.944 23.586
17.947 23.636
17.950 23.686
17.953 23.736
17.956 23.786
17.958 23.836
17.961 23.886
17.964 23.936
17.967 23.986
17.969 24.036
17.972 24.086
17.974 24.136
17.977 24.186
17.979 24.236
17.982 24.285
17.984 24.335
17.987 24.385
17.989 24.435
17.992 24.485
17.994 24.535
17.996 24.585
17.999 24.635
18.001 24.685
18.003 24.735
18.006 24.785
18.008 24.835
18.010 24.885
18.012 24.935
18.014 24.985
18.016 25.035
18.018 25.085
18.020 25.135
18.022 25.185
18.024 25.235
18.026 25.284
18.028 25.334
18.030 25.384
18.032 25.434
18.034 25.484
18.036 25.534
18.038 25.584
18.040 25.634
18.041 25.684
18.043 25.734
18.045 25.784
18.046 25.834
18.048 25.884
18.050 25.934
18.051 25.984
18.053 26.034
18.055 26.084
18.056 26.134
18.058 26.184
18.059 26.234
18.061 26.284
18.062 26.334
18.063 26.384
18.065 26.434
18.066 26.484
18.067 26.534
18.069 26.584
18.070 26.634
18.071 26.684
18.073 26.734
18.074 26.784
18.075 26.834
18.076 26.884
18.077 26.934
18.078 26.984
18.080 27.034
18.081 27.084
18.082 27.134
18.083 27.184
18.084 27.234
18.085 27.284
18.086 27.334
18.087 27.384
18.087 27.434
18.088 27.484
18.089 27.534
18.090 27.584
18.091 27.634
18.092 27.684
18.092 27.734
18.093 27.784
18.094 27.834
18.094 27.884
18.095 27.933
18.096 27.983
18.096 28.033
18.097 28.083
18.098 28.133
18.098 28.183
18.099 28.233
18.099 28.283
18.100 28.333
18.100 28.383
18.100 28.433
18.101 28.483
18.101 28.533
18.102 28.583
18.102 28.633
18.102 28.683
18.103 28.733
18.103 28.783
18.103 28.833
18.103 28.883
18.103 28.933
18.104 28.983
18.104 29.033
18.104 29.083
18.104 29.133
18.104 29.183
18.104 29.233
18.104 29.283
18.104 29.333
18.104 29.383
18.104 29.433
18.104 29.483
