11.000 0.000
11.030 0.040
11.067 0.074
11.102 0.110
11.136 0.146
11.168 0.184
11.200 0.222
11.232 0.262
11.262 0.301
11.292 0.341
11.321 0.382
11.350 0.423
11.378 0.464
11.406 0.506
11.433 0.548
11.459 0.590
11.485 0.633
11.511 0.676
11.537 0.719
11.561 0.762
11.586 0.806
11.610 0.850
11.634 0.893
11.657 0.938
11.681 0.982
11.703 1.026
11.726 1.071
11.748 1.116
11.770 1.161
11.792 1.206
11.813 1.251
11.834 1.297
11.855 1.342
11.875 1.388
11.895 1.433
11.915 1.479
11.935 1.525
11.955 1.571
11.974 1.617
11.993 1.664
12.012 1.710
12.030 1.756
12.048 1.803
12.067 1.849
12.084 1.896
12.102 1.943
12.120 1.990
12.137 2.037
12.154 2.084
12.171 2.131
12.187 2.178
12.204 2.225
12.221 2.272
12.237 2.320
12.253 2.367
12.269 2.414
12.285 2.462
12.301 2.509
12.316 2.557
12.332 2.604
12.347 2.652
12.362 2.699
12.378 2.747
12.393 2.795
12.407 2.842
12.422 2.890
12.437 2.938
12.451 2.986
12.465 3.034
12.480 3.082
12.494 3.130
12.508 3.178
12.522 3.226
12.535 3.274
12.549 3.322
12.562 3.370
12.576 3.418
12.589 3.467
12.602 3.515
12.615 3.563
12.628 3.611
12.641 3.660
12.653 3.708
12.666 3.757
12.678 3.805
12.691 3.853
12.703 3.902
12.715 3.950
12.727 3.999
12.739 4.048
12.751 4.096
12.762 4.145
12.774 4.193
12.785 4.242
12.797 4.291
12.808 4.339
12.819 4.388
12.830 4.437
12.841 4.486
12.852 4.535
12.862 4.583
12.873 4.632
12.884 4.681
12.894 4.730
12.904 4.779
12.914 4.828
12.925 4.877
12.935 4.926
12.944 4.975
12.954 5.024
12.964 5.073
12.974 5.122
12.983 5.171
12.993 5.220
13.002 5.269
13.011 5.319
13.020 5.368
13.029 5.417
13.038 5.466
13.047 5.515
13.056 5.564
13.064 5.614
13.073 5.663
13.082 5.712
13.090 5.762
13.098 5.811
13.106 5.860
13.115 5.910
13.123 5.959
13.130 6.008
13.138 6.058
13.146 6.107
13.154 6.156
13.161 6.206
13.169 6.255
13.176 6.305
13.184 6.354
13.191 6.404
13.198 6.453
13.205 6.503
13.212 6.552
13.219 6.602
13.226 6.651
13.232 6.701
13.239 6.750
13.246 6.800
13.252 6.849
13.258 6.899
13.265 6.949
13.271 6.998
13.277 7.048
13.283 7.098
13.289 7.147
13.295 7.197
13.301 7.246
13.307 7.296
13.312 7.346
13.318 7.396
13.323 7.445
13.329 7.495
13.334 7.545
13.339 7.594
13.344 7.644
13.350 7.694
13.355 7.744
13.359 7.793
13.364 7.843
13.369 7.893
13.374 7.943
13.378 7.992
13.383 8.042
13.388 8.092
13.392 8.142
13.396 8.192
13.401 8.241
13.405 8.291
13.409 8.341
13.413 8.391
13.417 8.441
13.421 8.491
13.425 8.540
13.428 8.590
13.432 8.640
13.436 8.690
13.439 8.740
13.443 8.790
13.446 8.840
13.449 8.890
13.452 8.940
13.456 8.989
13.459 9.039
13.462 9.089
13.465 9.139
13.468 9.189
13.470 9.239
13.473 9.289
13.476 9.339
13.478 9.389
13.481 9.439
13.483 9.489
13.486 9.539
13.488 9.589
13.490 9.638
13.493 9.688
13.495 9.738
13.497 9.788
13.499 9.838
13.501 9.888
13.503 9.938
13.504 9.988
13.506 10.038
13.508 10.088
13.509 10.138
13.511 10.188
13.512 10.238
13.514 10.288
13.515 10.338
13.516 10.388
13.518 10.438
13.519 10.488
13.520 10.538
13.521 10.588
13.522 10.638
13.523 10.688
13.524 10.738
13.524 10.788
13.525 10.838
13.526 10.888
13.526 10.938
13.527 10.988
13.527 11.038
13.528 11.088
13.528 11.138
13.528 11.188
13.528 11.238
13.528 11.288
13.529 11.338
13.529 11.388
13.529 11.438
13.528 11.488
