11.000 0.000
11.041 0.029
11.078 0.062
11.117 0.094
11.155 0.126
11.193 0.158
11.231 0.191
11.268 0.225
11.305 0.258
11.342 0.292
11.379 0.326
11.415 0.360
11.451 0.395
11.487 0.430
11.523 0.465
11.558 0.500
11.593 0.536
11.628 0.571
11.663 0.607
11.698 0.643
11.733 0.679
11.767 0.715
11.801 0.752
11.835 0.788
11.869 0.825
11.903 0.862
11.937 0.899
11.970 0.936
12.003 0.973
12.037 1.011
12.070 1.048
12.102 1.086
12.135 1.124
12.168 1.162
12.200 1.200
12.233 1.238
12.265 1.276
12.297 1.315
12.329 1.353
12.361 1.392
12.392 1.430
12.424 1.469
12.455 1.508
12.487 1.547
12.518 1.586
12.549 1.625
12.580 1.664
12.611 1.704
12.642 1.743
12.672 1.783
12.703 1.822
12.733 1.862
12.763 1.902
12.794 1.942
12.824 1.982
12.854 2.022
12.883 2.062
12.913 2.102
12.943 2.142
12.972 2.182
13.002 2.223
13.031 2.263
13.061 2.304
13.090 2.345
13.119 2.385
13.148 2.426
13.177 2.467
13.205 2.508
13.234 2.549
13.263 2.590
13.291 2.631
13.319 2.672
13.348 2.713
13.376 2.755
13.404 2.796
13.432 2.837
13.460 2.879
13.488 2.920
13.515 2.962
13.543 3.004
13.571 3.045
13.598 3.087
13.625 3.129
13.653 3.171
13.680 3.213
13.707 3.255
13.734 3.297
13.761 3.339
13.788 3.381
13.815 3.423
13.841 3.466
13.868 3.508
13.895 3.550
13.921 3.593
13.947 3.635
13.974 3.678
14.000 3.720
14.026 3.763
14.052 3.806
14.078 3.848
14.104 3.891
14.130 3.934
14.155 3.977
14.181 4.020
14.207 4.063
14.232 4.106
14.258 4.149
14.283 4.192
14.308 4.235
14.333 4.278
14.358 4.322
14.384 4.365
14.408 4.408
14.433 4.451
14.458 4.495
14.483 4.538
14.508 4.582
14.532 4.625
14.557 4.669
14.581 4.712
14.606 4.756
14.630 4.800
14.654 4.844
14.678 4.887
14.703 4.931
14.727 4.975
14.751 5.019
14.774 5.063
14.798 5.107
14.822 5.151
14.846 5.195
14.869 5.239
14.893 5.283
14.916 5.327
14.940 5.371
14.963 5.415
14.986 5.460
15.010 5.504
15.033 5.548
15.056 5.593
15.079 5.637
15.102 5.681
15.125 5.726
15.148 5.770
15.170 5.815
15.193 5.859
15.216 5.904
15.238 5.949
15.261 5.993
15.283 6.038
15.306 6.083
15.328 6.127
15.350 6.172
15.373 6.217
15.395 6.262
15.417 6.307
15.439 6.351
15.461 6.396
15.483 6.441
15.505 6.486
15.526 6.531
15.548 6.576
15.570 6.621
15.591 6.666
15.613 6.712
15.634 6.757
15.656 6.802
15.677 6.847
15.698 6.892
15.720 6.938
15.741 6.983
15.762 7.028
15.783 7.074
15.804 7.119
15.825 7.164
15.846 7.210
15.867 7.255
15.888 7.301
15.908 7.346
15.929 7.392
15.950 7.437
15.970 7.483
15.991 7.528
16.011 7.574
16.031 7.620
16.052 7.665
16.072 7.711
16.092 7.757
16.113 7.803
16.133 7.848
16.153 7.894
16.173 7.940
16.193 7.986
16.213 8.032
16.232 8.078
16.252 8.123
16.272 8.169
16.292 8.215
16.311 8.261
16.331 8.307
16.351 8.353
16.370 8.399
16.389 8.445
16.409 8.492
16.428 8.538
16.447 8.584
16.467 8.630
16.486 8.676
16.505 8.722
16.524 8.769
16.543 8.815
16.562 8.861
16.581 8.907
16.600 8.954
16.619 9.000
16.637 9.046
16.656 9.093
16.675 9.139
16.694 9.185
16.712 9.232
16.731 9.278
16.749 9.325
16.768 9.371
16.786 9.418
16.804 9.464
16.823 9.511
16.841 9.557
16.859 9.604
16.877 9.650
16.895 9.697
16.913 9.744
16.931 9.790
16.949 9.837
16.967 9.884
16.985 9.930
17.003 9.977
17.021 10.024
17.038 10.071
17.056 10.117
17.074 10.164
17.091 10.211
17.109 10.258
17.126 10.305
17.144 10.352
17.161 10.398
17.178 10.445
17.196 10.492
17.213 10.539
17.230 10.586
17.247 10.633
17.264 10.680
17.282 10.727
17.299 10.774
17.316 10.821
17.333 10.868
17.349 10.915
17.366 10.962
17.383 11.009
17.400 11.056
17.417 11.103
17.433 11.151
17.450 11.198
17.467 11.245
17.483 11.292
17.500 11.339
17.516 11.387
17.533 11.434
17.549 11.481
17.565 11.528
17.582 11.576
17.598 11.623
17.614 11.670
17.630 11.717
17.646 11.765
17.662 11.812
17.678 11.859
17.694 11.907
17.710 11.954
17.726 12.002
17.742 12.049
17.758 12.096
17.774 12.144
17.790 12.191
17.805 12.239
17.821 12.286
17.837 12.334
17.852 12.381
17.868 12.429
17.883 12.476
17.899 12.524
17.914 12.571
17.930 12.619
17.945 12.667
17.960 12.714
17.976 12.762
17.991 12.809
18.006 12.857
18.021 12.905
18.036 12.952
18.051 13.000
18.066 13.048
18.081 13.095
18.096 13.143
18.111 13.191
18.126 13.239
18.141 13.286
18.156 13.334
18.171 13.382
18.185 13.430
18.200 13.477
18.215 13.525
18.229 13.573
18.244 13.621
18.258 13.669
18.273 13.717
18.287 13.764
18.302 13.812
18.316 13.860
18.330 13.908
18.345 13.956
18.359 14.004
18.373 14.052
18.387 14.100
18.402 14.148
18.416 14.196
18.430 14.244
18.444 14.292
18.458 14.340
18.472 14.388
18.486 14.436
18.500 14.484
18.514 14.532
18.527 14.580
18.541 14.628
18.555 14.676
18.569 14.724
18.582 14.772
18.596 14.820
18.610 14.868
18.623 14.916
18.637 14.965
18.650 15.013
18.664 15.061
18.677 15.109
18.691 15.157
18.704 15.205
18.717 15.254
18.731 15.302
18.744 15.350
18.757 15.398
18.770 15.446
18.784 15.495
18.797 15.543
18.810 15.591
18.823 15.639
18.836 15.688
18.849 15.736
18.862 15.784
18.875 15.833
18.888 15.881
18.900 15.929
18.913 15.977
18.926 16.026
18.939 16.074
18.952 16.123
18.964 16.171
18.977 16.219
18.990 16.268
19.002 16.316
19.015 16.364
19.027 16.413
19.040 16.461
19.052 16.510
19.065 16.558
19.077 16.607
19.089 16.655
19.102 16.703
19.114 16.752
19.126 16.800
19.138 16.849
19.151 16.897
19.163 16.946
19.175 16.994
19.187 17.043
19.199 17.091
19.211 17.140
19.223 17.188
19.235 17.237
19.247 17.286
19.259 17.334
19.271 17.383
19.283 17.431
19.294 17.480
19.306 17.528
19.318 17.577
19.330 17.626
19.341 17.674
19.353 17.723
19.365 17.772
19.376 17.820
19.388 17.869
19.399 17.917
19.411 17.966
19.422 18.015
19.434 18.063
19.445 18.112
19.456 18.161
19.468 18.210
19.479 18.258
19.490 18.307
19.502 18.356
19.513 18.404
19.524 18.453
19.535 18.502
19.546 18.551
19.558 18.599
19.569 18.648
19.580 18.697
19.591 18.746
19.602 18.794
19.613 18.843
19.624 18.892
19.634 18.941
19.645 18.990
19.656 19.038
19.667 19.087
19.678 19.136
19.688 19.185
19.699 19.234
19.710 19.283
19.721 19.331
19.731 19.380
19.742 19.429
19.752 19.478
19.763 19.527
19.773 19.576
19.784 19.625
19.794 19.674
19.805 19.722
19.815 19.771
19.826 19.820
19.836 19.869
19.846 19.918
19.856 19.967
19.867 20.016
19.877 20.065
19.887 20.114
19.897 20.163
19.908 20.212
19.918 20.261
19.928 20.310
19.938 20.359
19.948 20.408
19.958 20.457
19.968 20.506
19.978 20.555
19.988 20.604
19.998 20.653
20.007 20.702
20.017 20.751
20.027 20.800
20.037 20.849
20.047 20.898
20.056 20.947
20.066 20.996
20.076 21.045
20.085 21.094
20.095 21.143
20.105 21.192
20.114 21.241
20.124 21.290
20.133 21.339
20.143 21.388
20.152 21.438
20.162 21.487
20.171 21.536
20.180 21.585
20.190 21.634
20.199 21.683
20.208 21.732
20.218 21.781
20.227 21.831
20.236 21.880
20.245 21.929
20.255 21.978
20.264 22.027
20.273 22.076
20.282 22.125
20.291 22.175
20.300 22.224
20.309 22.273
20.318 22.322
20.327 22.371
20.336 22.421
20.345 22.470
20.354 22.519
20.363 22.568
20.371 22.617
20.380 22.667
20.389 22.716
20.398 22.765
20.407 22.814
20.415 22.863
20.424 22.913
20.433 22.962
20.441 23.011
20.450 23.060
20.458 23.110
20.467 23.159
20.476 23.208
20.484 23.258
20.493 23.307
20.501 23.356
20.509 23.405
20.518 23.455
20.526 23.504
20.535 23.553
20.543 23.603
20.551 23.652
20.559 23.701
20.568 23.750
20.576 23.800
20.584 23.849
20.592 23.898
20.601 23.948
20.609 23.997
20.617 24.046
20.625 24.096
20.633 24.145
20.641 24.194
20.649 24.244
20.657 24.293
20.665 24.343
20.673 24.392
20.681 24.441
20.689 24.491
20.697 24.540
20.705 24.589
20.712 24.639
20.720 24.688
20.728 24.738
20.736 24.787
20.743 24.836
20.751 24.886
20.759 24.935
20.766 24.985
20.774 25.034
20.782 25.083
20.789 25.133
20.797 25.182
20.804 25.232
20.812 25.281
20.819 25.331
20.827 25.380
20.834 25.429
20.842 25.479
20.849 25.528
20.857 25.578
20.864 25.627
20.871 25.677
20.879 25.726
20.886 25.776
20.893 25.825
20.900 25.875
20.908 25.924
20.915 25.973
20.922 26.023
20.929 26.072
20.936 26.122
20.944 26.171
20.951 26.221
20.958 26.270
20.965 26.320
20.972 26.369
20.979 26.419
20.986 26.468
20.993 26.518
21.000 26.567
21.007 26.617
21.013 26.667
21.020 26.716
21.027 26.766
21.034 26.815
21.041 26.865
21.048 26.914
21.054 26.964
21.061 27.013
21.068 27.063
21.074 27.112
21.081 27.162
21.088 27.211
21.094 27.261
21.101 27.311
21.108 27.360
21.114 27.410
21.121 27.459
21.127 27.509
21.134 27.558
21.140 27.608
21.147 27.658
21.153 27.707
21.160 27.757
21.166 27.806
21.172 27.856
21.179 27.906
21.185 27.955
21.191 28.005
21.198 28.054
21.204 28.104
21.210 28.154
21.216 28.203
21.223 28.253
21.229 28.302
21.235 28.352
21.241 28.402
21.247 28.451
21.253 28.501
21.259 28.551
21.265 28.600
21.271 28.650
21.277 28.699
21.283 28.749
21.289 28.799
21.295 28.848
21.301 28.898
21.307 28.948
21.313 28.997
21.319 29.047
21.325 29.097
21.331 29.146
21.336 29.196
21.342 29.246
21.348 29.295
21.354 29.345
21.360 29.395
21.365 29.444
21.371 29.494
21.377 29.544
21.382 29.593
21.388 29.643
21.394 29.693
21.399 29.742
21.405 29.792
21.410 29.842
21.416 29.891
21.421 29.941
21.427 29.991
21.432 30.041
21.438 30.090
21.443 30.140
21.449 30.190
21.454 30.239
21.459 30.289
21.465 30.339
21.470 30.388
21.475 30.438
21.481 30.488
21.486 30.538
21.491 30.587
21.496 30.637
21.502 30.687
21.507 30.737
21.512 30.786
21.517 30.836
21.522 30.886
21.527 30.935
21.533 30.985
21.538 31.035
21.543 31.085
21.548 31.134
21.553 31.184
21.558 31.234
21.563 31.284
21.568 31.333
21.573 31.383
21.578 31.433
21.583 31.483
21.587 31.532
21.592 31.582
21.597 31.632
21.602 31.682
21.607 31.732
21.612 31.781
21.616 31.831
21.621 31.881
21.626 31.931
21.631 31.980
21.635 32.030
21.640 32.080
21.645 32.130
21.649 32.179
21.654 32.229
21.659 32.279
21.663 32.329
21.668 32.379
21.672 32.428
21.677 32.478
21.681 32.528
21.686 32.578
21.690 32.628
21.695 32.677
21.699 32.727
21.704 32.777
21.708 32.827
21.713 32.877
21.717 32.926
21.721 32.976
21.726 33.026
21.730 33.076
21.734 33.126
21.739 33.176
21.743 33.225
21.747 33.275
21.751 33.325
21.756 33.375
21.760 33.425
21.764 33.474
21.768 33.524
21.772 33.574
21.776 33.624
21.780 33.674
21.785 33.724
21.789 33.773
21.793 33.823
21.797 33.873
21.801 33.923
21.805 33.973
21.809 34.023
21.813 34.072
21.817 34.122
21.821 34.172
21.825 34.222
21.828 34.272
21.832 34.322
21.836 34.372
21.840 34.421
21.844 34.471
21.848 34.521
21.851 34.571
21.855 34.621
21.859 34.671
21.863 34.721
21.866 34.770
21.870 34.820
21.874 34.870
21.878 34.920
21.881 34.970
21.885 35.020
21.888 35.070
21.892 35.119
21.896 35.169
21.899 35.219
21.903 35.269
21.906 35.319
21.910 35.369
21.913 35.419
21.917 35.469
21.920 35.518
21.924 35.568
21.927 35.618
21.931 35.668
21.934 35.718
21.937 35.768
21.941 35.818
21.944 35.868
21.948 35.918
21.951 35.967
21.954 36.017
21.957 36.067
21.961 36.117
21.964 36.167
21.967 36.217
21.970 36.267
21.974 36.317
21.977 36.367
21.980 36.416
21.983 36.466
21.986 36.516
21.989 36.566
21.993 36.616
21.996 36.666
21.999 36.716
22.002 36.766
22.005 36.816
22.008 36.866
22.011 36.915
22.014 36.965
22.017 37.015
22.020 37.065
22.023 37.115
22.026 37.165
22.029 37.215
22.032 37.265
22.034 37.315
22.037 37.365
