11.000 0.000
11.035 0.036
11.072 0.069
11.108 0.104
11.143 0.140
11.177 0.176
11.210 0.214
11.243 0.252
11.275 0.290
11.306 0.329
11.337 0.368
11.368 0.408
11.398 0.448
11.428 0.488
11.457 0.528
11.486 0.569
11.514 0.610
11.543 0.652
11.571 0.693
11.599 0.734
11.626 0.776
11.654 0.818
11.681 0.860
11.708 0.902
11.735 0.944
11.762 0.986
11.788 1.029
11.815 1.071
11.841 1.114
11.867 1.156
11.893 1.199
11.918 1.242
11.944 1.285
11.969 1.328
11.994 1.371
12.019 1.415
12.044 1.458
12.069 1.502
12.093 1.545
12.118 1.589
12.142 1.633
12.166 1.676
12.190 1.720
12.214 1.764
12.237 1.808
12.261 1.852
12.284 1.897
12.308 1.941
12.331 1.985
12.354 2.030
12.377 2.074
12.399 2.119
12.422 2.163
12.444 2.208
12.467 2.253
12.489 2.297
12.511 2.342
12.533 2.387
12.555 2.432
12.576 2.477
12.598 2.522
12.619 2.567
12.641 2.613
12.662 2.658
12.683 2.703
12.704 2.749
12.725 2.794
12.746 2.840
12.766 2.885
12.787 2.931
12.807 2.976
12.827 3.022
12.848 3.068
12.868 3.114
12.888 3.160
12.908 3.205
12.927 3.251
12.947 3.297
12.966 3.343
12.986 3.389
13.005 3.436
13.024 3.482
13.044 3.528
13.063 3.574
13.081 3.620
13.100 3.667
13.119 3.713
13.137 3.760
13.156 3.806
13.174 3.853
13.193 3.899
13.211 3.946
13.229 3.992
13.247 4.039
13.265 4.086
13.283 4.132
13.300 4.179
13.318 4.226
13.336 4.273
13.353 4.320
13.370 4.366
13.387 4.413
13.405 4.460
13.422 4.507
13.439 4.554
13.456 4.601
13.472 4.649
13.489 4.696
13.506 4.743
13.522 4.790
13.538 4.837
13.555 4.885
13.571 4.932
13.587 4.979
13.603 5.027
13.619 5.074
13.635 5.121
13.651 5.169
13.667 5.216
13.682 5.264
13.698 5.311
13.713 5.359
13.729 5.406
13.744 5.454
13.759 5.502
13.774 5.549
13.789 5.597
13.804 5.645
13.819 5.692
13.834 5.740
13.849 5.788
13.863 5.836
13.878 5.884
13.892 5.931
13.907 5.979
13.921 6.027
13.935 6.075
13.949 6.123
13.964 6.171
13.978 6.219
13.991 6.267
14.005 6.315
14.019 6.363
14.033 6.411
14.046 6.459
14.060 6.508
14.073 6.556
14.087 6.604
14.100 6.652
14.113 6.700
14.126 6.748
14.140 6.797
14.153 6.845
14.166 6.893
14.178 6.942
14.191 6.990
14.204 7.038
14.217 7.087
14.229 7.135
14.242 7.184
14.254 7.232
14.266 7.280
14.279 7.329
14.291 7.377
14.303 7.426
14.315 7.474
14.327 7.523
14.339 7.571
14.351 7.620
14.363 7.669
14.374 7.717
14.386 7.766
14.398 7.814
14.409 7.863
14.421 7.912
14.432 7.960
14.443 8.009
14.455 8.058
14.466 8.107
14.477 8.155
14.488 8.204
14.499 8.253
14.510 8.302
14.521 8.351
14.532 8.399
14.542 8.448
14.553 8.497
14.564 8.546
14.574 8.595
14.585 8.644
14.595 8.693
14.605 8.742
14.616 8.790
14.626 8.839
14.636 8.888
14.646 8.937
14.656 8.986
14.666 9.035
14.676 9.084
14.686 9.133
14.695 9.182
14.705 9.231
14.715 9.280
14.724 9.330
14.734 9.379
14.743 9.428
14.753 9.477
14.762 9.526
14.771 9.575
14.781 9.624
14.790 9.673
14.799 9.723
14.808 9.772
14.817 9.821
14.826 9.870
14.835 9.919
14.843 9.969
14.852 10.018
14.861 10.067
14.869 10.116
14.878 10.166
14.886 10.215
14.895 10.264
14.903 10.313
14.912 10.363
14.920 10.412
14.928 10.461
14.936 10.511
14.944 10.560
14.952 10.609
14.960 10.659
14.968 10.708
14.976 10.757
14.984 10.807
14.992 10.856
15.000 10.906
15.007 10.955
15.015 11.004
15.022 11.054
15.030 11.103
15.037 11.153
15.045 11.202
15.052 11.252
15.059 11.301
15.066 11.351
15.074 11.400
15.081 11.450
15.088 11.499
15.095 11.549
15.102 11.598
15.109 11.648
15.115 11.697
15.122 11.747
15.129 11.796
15.136 11.846
15.142 11.895
15.149 11.945
15.155 11.994
15.162 12.044
15.168 12.094
15.175 12.143
15.181 12.193
15.187 12.242
15.193 12.292
15.200 12.342
15.206 12.391
15.212 12.441
15.218 12.491
15.224 12.540
15.230 12.590
15.236 12.640
15.241 12.689
15.247 12.739
15.253 12.789
15.259 12.838
15.264 12.888
15.270 12.938
15.275 12.987
15.281 13.037
15.286 13.087
15.291 13.136
15.297 13.186
15.302 13.236
15.307 13.286
15.312 13.335
15.318 13.385
15.323 13.435
15.328 13.485
15.333 13.534
15.338 13.584
15.342 13.634
15.347 13.684
15.352 13.733
15.357 13.783
15.362 13.833
15.366 13.883
15.371 13.932
15.375 13.982
15.380 14.032
15.384 14.082
15.389 14.132
15.393 14.181
15.397 14.231
15.402 14.281
15.406 14.331
15.410 14.381
15.414 14.431
15.418 14.480
15.422 14.530
15.426 14.580
15.430 14.630
15.434 14.680
15.438 14.730
15.442 14.779
15.446 14.829
15.449 14.879
15.453 14.929
15.457 14.979
15.460 15.029
15.464 15.079
15.467 15.129
15.471 15.178
15.474 15.228
15.478 15.278
15.481 15.328
15.484 15.378
15.488 15.428
15.491 15.478
15.494 15.528
15.497 15.578
15.500 15.627
15.503 15.677
15.506 15.727
15.509 15.777
15.512 15.827
15.515 15.877
15.518 15.927
15.521 15.977
15.523 16.027
15.526 16.077
15.529 16.127
15.531 16.177
15.534 16.227
15.536 16.276
15.539 16.326
15.541 16.376
15.544 16.426
15.546 16.476
15.548 16.526
15.551 16.576
15.553 16.626
15.555 16.676
15.557 16.726
15.559 16.776
15.561 16.826
15.563 16.876
15.565 16.926
15.567 16.976
15.569 17.026
15.571 17.076
15.573 17.126
15.575 17.176
15.577 17.226
15.578 17.276
15.580 17.326
15.582 17.375
15.583 17.425
15.585 17.475
15.586 17.525
15.588 17.575
15.589 17.625
15.591 17.675
15.592 17.725
15.593 17.775
15.595 17.825
15.596 17.875
15.597 17.925
15.598 17.975
15.599 18.025
15.600 18.075
15.602 18.125
15.603 18.175
15.604 18.225
15.604 18.275
15.605 18.325
15.606 18.375
15.607 18.425
15.608 18.475
15.609 18.525
15.609 18.575
15.610 18.625
15.611 18.675
15.611 18.725
15.612 18.775
15.612 18.825
15.613 18.875
15.613 18.925
15.614 18.975
15.614 19.025
15.614 19.075
15.615 19.125
15.615 19.175
15.615 19.225
15.615 19.275
15.616 19.325
15.616 19.375
15.616 19.425
15.616 19.475
15.616 19.525
15.616 19.575
15.616 19.625
15.616 19.675
