11.000 0.000
11.036 0.034
11.074 0.068
11.110 0.102
11.145 0.138
11.179 0.174
11.213 0.211
11.246 0.248
11.279 0.286
11.311 0.325
11.342 0.363
11.374 0.402
11.405 0.441
11.436 0.481
11.467 0.520
11.497 0.560
11.528 0.599
11.558 0.639
11.588 0.679
11.617 0.720
11.647 0.760
11.676 0.801
11.705 0.841
11.734 0.882
11.763 0.923
11.791 0.964
11.820 1.005
11.848 1.046
11.876 1.088
11.904 1.129
11.931 1.171
11.959 1.213
11.986 1.255
12.014 1.297
12.041 1.339
12.068 1.381
12.094 1.423
12.121 1.465
12.147 1.508
12.174 1.550
12.200 1.593
12.226 1.636
12.252 1.678
12.277 1.721
12.303 1.764
12.329 1.807
12.354 1.850
12.379 1.893
12.404 1.937
12.429 1.980
12.454 2.023
12.479 2.067
12.503 2.110
12.528 2.154
12.552 2.198
12.576 2.242
12.600 2.285
12.624 2.329
12.648 2.373
12.672 2.417
12.695 2.461
12.719 2.505
12.742 2.550
12.765 2.594
12.789 2.638
12.812 2.683
12.835 2.727
12.857 2.772
12.880 2.816
12.903 2.861
12.925 2.905
12.947 2.950
12.970 2.995
12.992 3.040
13.014 3.085
13.036 3.130
13.058 3.175
13.079 3.220
13.101 3.265
13.123 3.310
13.144 3.355
13.165 3.400
13.186 3.445
13.208 3.491
13.229 3.536
13.250 3.582
13.270 3.627
13.291 3.672
13.312 3.718
13.332 3.764
13.353 3.809
13.373 3.855
13.393 3.901
13.413 3.946
13.434 3.992
13.453 4.038
13.473 4.084
13.493 4.130
13.513 4.176
13.532 4.222
13.552 4.268
13.571 4.314
13.591 4.360
13.610 4.406
13.629 4.452
13.648 4.499
13.667 4.545
13.686 4.591
13.705 4.637
13.724 4.684
13.742 4.730
13.761 4.777
13.779 4.823
13.798 4.870
13.816 4.916
13.834 4.963
13.852 5.009
13.870 5.056
13.888 5.103
13.906 5.149
13.924 5.196
13.942 5.243
13.959 5.290
13.977 5.336
13.994 5.383
14.012 5.430
14.029 5.477
14.046 5.524
14.063 5.571
14.080 5.618
14.097 5.665
14.114 5.712
14.131 5.759
14.148 5.806
14.165 5.853
14.181 5.901
14.198 5.948
14.214 5.995
14.230 6.042
14.247 6.089
14.263 6.137
14.279 6.184
14.295 6.231
14.311 6.279
14.327 6.326
14.343 6.374
14.359 6.421
14.375 6.468
14.390 6.516
14.406 6.563
14.421 6.611
14.437 6.659
14.452 6.706
14.467 6.754
14.483 6.801
14.498 6.849
14.513 6.897
14.528 6.944
14.543 6.992
14.558 7.040
14.572 7.088
14.587 7.135
14.602 7.183
14.616 7.231
14.631 7.279
14.645 7.327
14.660 7.375
14.674 7.423
14.688 7.470
14.702 7.518
14.717 7.566
14.731 7.614
14.745 7.662
14.759 7.710
14.772 7.758
14.786 7.806
14.800 7.855
14.814 7.903
14.827 7.951
14.841 7.999
14.854 8.047
14.868 8.095
14.881 8.143
14.894 8.192
14.907 8.240
14.921 8.288
14.934 8.336
14.947 8.385
14.960 8.433
14.973 8.481
14.985 8.530
14.998 8.578
15.011 8.626
15.024 8.675
15.036 8.723
15.049 8.771
15.061 8.820
15.074 8.868
15.086 8.917
15.098 8.965
15.110 9.014
15.123 9.062
15.135 9.111
15.147 9.159
15.159 9.208
15.171 9.256
15.183 9.305
15.194 9.353
15.206 9.402
15.218 9.451
15.229 9.499
15.241 9.548
15.253 9.597
15.264 9.645
15.275 9.694
15.287 9.743
15.298 9.791
15.309 9.840
15.321 9.889
15.332 9.938
15.343 9.986
15.354 10.035
15.365 10.084
15.376 10.133
15.386 10.181
15.397 10.230
15.408 10.279
15.419 10.328
15.429 10.377
15.440 10.426
15.450 10.475
15.461 10.523
15.471 10.572
15.482 10.621
15.492 10.670
15.502 10.719
15.512 10.768
15.523 10.817
15.533 10.866
15.543 10.915
15.553 10.964
15.563 11.013
15.572 11.062
15.582 11.111
15.592 11.160
15.602 11.209
15.611 11.258
15.621 11.307
15.631 11.356
15.640 11.405
15.650 11.454
15.659 11.504
15.668 11.553
15.678 11.602
15.687 11.651
15.696 11.700
15.705 11.749
15.715 11.798
15.724 11.848
15.733 11.897
15.742 11.946
15.750 11.995
15.759 12.044
15.768 12.094
15.777 12.143
15.786 12.192
15.794 12.241
15.803 12.291
15.811 12.340
15.820 12.389
15.828 12.438
15.837 12.488
15.845 12.537
15.854 12.586
15.862 12.636
15.870 12.685
15.878 12.734
15.886 12.784
15.895 12.833
15.903 12.882
15.911 12.932
15.918 12.981
15.926 13.030
15.934 13.080
15.942 13.129
15.950 13.178
15.958 13.228
15.965 13.277
15.973 13.327
15.980 13.376
15.988 13.426
15.995 13.475
16.003 13.524
16.010 13.574
16.018 13.623
16.025 13.673
16.032 13.722
16.039 13.772
16.047 13.821
16.054 13.871
16.061 13.920
16.068 13.970
16.075 14.019
16.082 14.069
16.089 14.118
16.095 14.168
16.102 14.217
16.109 14.267
16.116 14.316
16.122 14.366
16.129 14.416
16.136 14.465
16.142 14.515
16.149 14.564
16.155 14.614
16.162 14.663
16.168 14.713
16.174 14.763
16.181 14.812
16.187 14.862
16.193 14.911
16.199 14.961
16.205 15.011
16.211 15.060
16.217 15.110
16.223 15.160
16.229 15.209
16.235 15.259
16.241 15.308
16.247 15.358
16.253 15.408
16.259 15.457
16.264 15.507
16.270 15.557
16.276 15.607
16.281 15.656
16.287 15.706
16.292 15.756
16.298 15.805
16.303 15.855
16.308 15.905
16.314 15.954
16.319 16.004
16.324 16.054
16.330 16.104
16.335 16.153
16.340 16.203
16.345 16.253
16.350 16.303
16.355 16.352
16.360 16.402
16.365 16.452
16.370 16.502
16.375 16.551
16.380 16.601
16.384 16.651
16.389 16.701
16.394 16.750
16.399 16.800
16.403 16.850
16.408 16.900
16.412 16.950
16.417 16.999
16.421 17.049
16.426 17.099
16.430 17.149
16.435 17.199
16.439 17.248
16.443 17.298
16.447 17.348
16.452 17.398
16.456 17.448
16.460 17.497
16.464 17.547
16.468 17.597
16.472 17.647
16.476 17.697
16.480 17.747
16.484 17.797
16.488 17.846
16.492 17.896
16.495 17.946
16.499 17.996
16.503 18.046
16.507 18.096
16.510 18.146
16.514 18.195
16.517 18.245
16.521 18.295
16.525 18.345
16.528 18.395
16.531 18.445
16.535 18.495
16.538 18.545
16.542 18.594
16.545 18.644
16.548 18.694
16.551 18.744
16.555 18.794
16.558 18.844
16.561 18.894
16.564 18.944
16.567 18.994
16.570 19.044
16.573 19.093
16.576 19.143
16.579 19.193
16.582 19.243
16.585 19.293
16.587 19.343
16.590 19.393
16.593 19.443
16.596 19.493
16.598 19.543
16.601 19.593
16.603 19.643
16.606 19.693
16.609 19.742
16.611 19.792
16.614 19.842
16.616 19.892
16.618 19.942
16.621 19.992
16.623 20.042
16.625 20.092
16.628 20.142
16.630 20.192
16.632 20.242
16.634 20.292
16.636 20.342
16.638 20.392
16.640 20.442
16.643 20.492
16.645 20.542
16.646 20.592
16.648 20.642
16.650 20.692
16.652 20.742
16.654 20.791
16.656 20.841
16.658 20.891
16.659 20.941
16.661 20.991
16.663 21.041
16.664 21.091
16.666 21.141
16.668 21.191
16.669 21.241
16.671 21.291
16.672 21.341
16.674 21.391
16.675 21.441
16.676 21.491
16.678 21.541
16.679 21.591
16.680 21.641
16.682 21.691
16.683 21.741
16.684 21.791
16.685 21.841
16.686 21.891
16.687 21.941
16.689 21.991
16.690 22.041
16.691 22.091
16.692 22.141
16.693 22.191
16.693 22.241
16.694 22.291
16.695 22.341
16.696 22.391
16.697 22.441
16.698 22.491
16.698 22.541
16.699 22.591
16.700 22.641
16.700 22.691
16.701 22.741
16.702 22.791
16.702 22.841
16.703 22.891
16.703 22.941
16.704 22.991
16.704 23.041
16.705 23.091
16.705 23.141
16.705 23.191
16.706 23.241
16.706 23.291
16.706 23.341
16.706 23.391
16.707 23.441
16.707 23.491
16.707 23.541
16.707 23.591
16.707 23.641
16.707 23.691
16.707 23.741
16.707 23.791
16.707 23.841
16.707 23.891
